                                        @Param({ "400", "7000", "50000", "800000", "2000000" })
          Byte.testSort newSort                       Char.testSort newSort          Double.testSort newSort         Float.testSort newSort

  RANDOM      400         1,537        1,012             4,482        6,481 -            5,743        5,940              5,808        5,835
  RANDOM     7000         8,385        7,397           131,991      132,931 -          440,702      176,383            440,096       78,287
  RANDOM    50000        46,235       40,272           618,498      619,353 -         3711,869     1235,512           3683,540      580,230
  RANDOM   800000       560,550      541,179          2223,865     2223,890          72132,536    21210,772          73659,986     9690,180
  RANDOM  2000000      1374,965     1352,682          3972,882     3879,247         196060,459    58130,543         194289,738    26050,391
REPEATED      400         1,477        0,490             3,114        1,897              4,227        3,787              4,208        3,827
REPEATED     7000         8,170        4,833            38,645       38,608             79,469       67,014             77,158       64,809
REPEATED    50000        39,277       32,169            67,433       67,064            343,178      625,889 -          342,424      508,249 -
REPEATED   800000       521,632      516,821           703,817      968,362 -         8398,707     8439,642 -         8290,154     5375,859
REPEATED  2000000      1270,414     1255,588          1575,816     1571,172          13998,964    14952,657 -        13096,065    13629,339 -
 STAGGER      400         1,271        1,036             4,259        4,198              2,339        2,260              2,201        2,206
 STAGGER     7000         7,072        6,926            54,331       54,509             38,040       37,980             36,491       35,726
 STAGGER    50000        40,002       36,605           146,718      146,909            263,906      271,194 -          249,183      256,846 -
 STAGGER   800000       525,339      509,614          1002,684      996,496           4373,107     4309,544           4238,736     3971,051
 STAGGER  2000000      1281,149     1268,917          2011,727     2008,602          11948,976    11799,328          10902,644    10254,253
 SHUFFLE      400         1,520        0,998             3,512        3,208              4,471        4,338              4,602        4,459
 SHUFFLE     7000         7,875        7,073            56,404       57,178 -          188,874       98,007            186,775       84,831
 SHUFFLE    50000        44,415       39,703           200,129      199,426           1481,099      878,988           1473,641      640,547
 SHUFFLE   800000       526,170      506,450           986,806      985,583          24928,977    15283,819          25159,003    11135,550
 SHUFFLE  2000000      1277,828     1270,948          1955,612     1943,600          64461,903    44988,986          63154,776    27901,855  12  

  RANDOM      400         1,544        1,016             4,455        6,512 -            5,731        5,893              5,856        5,913
  RANDOM     7000         8,355        7,374           132,049      130,316 -          310,016      131,490            313,585      108,334
  RANDOM    50000        46,339       40,264           618,025      618,009           1262,844      546,669           1255,335      440,033
  RANDOM   800000       559,194      542,457          2202,562     2227,007 -        19317,600     8048,239          18854,766     6113,463
  RANDOM  2000000      1377,219     1351,923          3960,124     3847,117          51158,833    22222,688          50804,572    14722,998
REPEATED      400         1,452        0,487             3,163        1,948              4,217        3,849              4,260        3,816
REPEATED     7000         8,233        4,880            38,794       38,758             68,272       66,035             62,847       60,366
REPEATED    50000        39,343       32,189            73,514       67,131            270,406      288,019 -          247,883      262,909 -
REPEATED   800000       522,595      515,629           720,142      966,793 -         6333,086     4245,937           6441,132     3376,045
REPEATED  2000000      1271,645     1251,572          1572,354     1574,546 -        12824,625    11550,671          11405,021     6689,252
 STAGGER      400         1,272        1,037             4,262        4,219              2,342        2,228              2,209        2,090
 STAGGER     7000         7,076        6,935            54,936       54,453             42,657       44,250 -           39,896       43,253 -
 STAGGER    50000        39,908       36,527           146,090      146,573            214,553      175,770            196,302      155,502
 STAGGER   800000       525,295      509,488          1002,926     1004,137           3384,185     2636,142           2853,112     2096,312
 STAGGER  2000000      1279,077     1271,518          2005,055     2011,883 -         9851,740     8348,785           7402,621     5374,421
 SHUFFLE      400         1,513        0,996             3,493        3,150              4,508        4,298              4,602        4,420
 SHUFFLE     7000         7,881        7,076            57,686       56,232            146,728       79,403            143,532       74,418
 SHUFFLE    50000        44,839       39,370           200,501      175,800            601,568      301,269            592,257      258,125
 SHUFFLE   800000       528,110      506,632           985,345      989,927 -         8424,062     5572,921           8174,966     3482,728
 SHUFFLE  2000000      1278,185     1271,185          1949,847     1961,378 -        22514,822    14102,866          22146,221     8279,242  12



          Int.testSort newSort                         Long.testSort newSort         Short.testSort newSort

  RANDOM      400         5,340        5,153             5,174        5,164              4,717        3,752
  RANDOM     7000       413,172       63,569           403,916      154,133            137,565      140,642 -
  RANDOM    50000      3473,820      555,445          3463,521     1132,859            619,021      633,658 -
  RANDOM   800000     69767,224     8710,709         69523,332    19721,894           2221,413     2175,598
  RANDOM  2000000    187237,640    25045,763        183357,167    54717,572           3864,952     3837,853
REPEATED      400         3,718        3,252             3,143        3,280              3,049        1,940
REPEATED     7000        64,264       52,781            65,176       58,112             39,110       38,833
REPEATED    50000       277,494      251,822           278,232      366,929 -           70,758       69,097
REPEATED   800000      6378,305     3754,761          6646,033     5391,746            647,284      644,021
REPEATED  2000000      8526,000    10730,928 -        9580,986    12365,927 -         1547,998     1529,734
 STAGGER      400         1,523        1,631 -           1,715        1,770              4,260        4,212
 STAGGER     7000        27,132       26,088            29,542       30,650 -           45,171       45,650
 STAGGER    50000       204,396      181,524           204,235      199,897            120,512      113,903
 STAGGER   800000      2981,480     3058,731 -        3608,680     3652,417 -          964,422      956,733
 STAGGER  2000000      8126,670     7898,368          9612,602     9860,267 -         1978,363     1954,868
 SHUFFLE      400         3,876        3,569             3,893        3,688              3,507        3,222
 SHUFFLE     7000       183,332       71,070           178,819       87,722             45,359       45,378
 SHUFFLE    50000      1342,147      694,179          1391,938     1098,022            156,295      179,842 -
 SHUFFLE   800000     22520,969    14471,247         23068,903    19986,868            954,901      929,190
 SHUFFLE  2000000     57148,680    41770,298         57651,757    59049,003 -         1890,166     1880,398        12
                                                                                                           
  RANDOM      400         5,319        5,208             5,224        5,088              4,764        3,708
  RANDOM     7000       285,288      101,022           288,261      124,029            138,091      140,336 -
  RANDOM    50000      1129,845      360,305          1145,845      480,600            619,634      635,769 -
  RANDOM   800000     17394,436     5106,300         17477,378     7093,594           2202,779     2189,261
  RANDOM  2000000     45566,174    12565,379         47276,652    19326,609           3870,808     3859,053
REPEATED      400         3,526        3,270             3,565        3,204              3,104        1,944
REPEATED     7000        53,863       54,805 -          55,056       60,123 -           39,039       38,816
REPEATED    50000       187,721      207,184 -         192,114      235,416 -           70,792       67,074
REPEATED   800000      4546,357     1507,701          4584,885     2648,285            645,947      642,659
REPEATED  2000000      8808,137     3837,148          9365,908     8057,860           1549,525     1532,187
 STAGGER      400         1,525        1,595             1,733        1,809              4,350        4,178
 STAGGER     7000        32,303       36,026 -          35,929       39,141 -           44,908       46,200 -
 STAGGER    50000       158,494      107,211           158,886      123,372            120,794      113,740
 STAGGER   800000      2127,816     1289,898          2700,618     1754,498            964,462      953,249
 STAGGER  2000000      5515,947     3426,851          7766,565     5803,309           1972,293     1959,500
 SHUFFLE      400         3,833        3,564             3,928        3,558              3,520        3,202
 SHUFFLE     7000       132,641       66,787           128,870       72,326             45,682       45,522
 SHUFFLE    50000       507,839      170,557           524,559      300,017            156,890      177,219 -
 SHUFFLE   800000      7187,152     3290,406          7112,919     4740,251            943,673      933,208
 SHUFFLE  2000000     18349,187     7294,455         19045,969    11315,063           1900,033     1856,401         10


= 46
